-4465
-74275
85935
17175
84002
-87490
41587
29768
43481
-12779
-71522
-37410
22453
45357
24230
43201
-53956
11411
52541
7186
-20902
84819
-56098
-90704
-41609
1725
-97983
-66202
259
31264
59933
-90581
-1931
-16740
-14461
-22998
95588
37619
6906
-71950
10298
-72642
-11696
7550
-8021
50843
-22747
-61998
-29749
-10649
5595
70520
55373
-86628
-20907
94390
-36510
88846
40905
-78790
-74212
-1096
-19287
-52516
-55717
98054
93385
46266
-56295
-51819
79425
49912
49964
-98074
97597
21401
98351
92268
-28943
-18682
45422
-17221
-26592
-84119
-13992
-85051
-83831
-11214
-38285
-46959
20436
35320
-87418
-88423
-63708
19302
48397
86210
-48812
-26612
88899
55952
39850
-10236
-17590
70870
51758
-57825
57859
52558
28224
29127
-46611
92953
-64324
-11555
72947
42564
44030
35885
-43880
-51297
-64847
12637
-60951
-64172
-30340
-58970
-74675
51277
76209
-59364
-55492
74229
68658
8429
-5156
31677
-34246
-17181
58950
37534
-65882
92447
40254
-27319
59933
67997
-62693
44029
70620
28177
49164
-88209
-87880
-26509
-16229
-48658
88043
-85358
58292
57172
11035
36980
-21310
28406
35386
62618
-68553
89897
-54723
60681
-10651
-83032
-38905
-35
16321
96180
-46022
37358
-95351
-60504
8883
-78476
-55437
18727
-73013
-69148
97804
23280
34118
-93356
-55022
-64652
-35037
85941
77902
5519
-66673
-51426
92769
1055
-44138
4152
-90191
-51093
-51961
-8721
-82302
14286
95322
-33054
-14730
-88454
41207
-5760
51559
38707
-19804
-87077
-24258
-84380
-36767
-2028
60270
-84222
-65827
-50653
-9597
98941
39243
-26777
-23530
-85559
-11128
92523
-57093
44858
-35859
58126
-61256
32155
1584
9651
78681
27729
-15339
-23298
-90901
5058
-23505
-40136
-97193
-95566
-86963
36272
60765
-10039
18532
-96470
79668
56997
-4146
37018
93843
-67534
-11773
40317
21663
61724
-251
-21974
-21704
26487
53318
76777
-60808
-37576
-25946
55340
-89324
-7581
-83378
-39360
-86915
52922
63717
68861
-21158
58389
-38815
-3496
-85320
-39817
-71067
3998
43731
53022
12169
81489
82493
-17561
13751
8670
16573
-97262
40243
23652
-41302
-21962
63228
-7099
-23665
-89998
-30061
39078
-12532
-2153
-44856
98894
91983
-21811
859
-87636
91927
65694
-22166
-39056
-89847
26634
35607
-35067
35909
56633
1303
57393
-9457
-18419
13973
20598
-48276
-1030
-41315
16180
24812
-31853
-78130
-51803
10685
57165
-11705
-38668
-16690
-39291
25781
-24738
-11982
-40651
93977
-93602
26117
-72870
877
36695
-52909
-46755
-16315
-33564
-89734
-93444
-47109
45661
-68187
2456
-63410
-21048
65776
-90421
-29188
41841
64865
79043
65694
-30312
2138
26271
38656
79709
-50432
-19027
-39228
56035
49210
87588
69235
-36002
-21350
-46680
92771
-25362
50287
-3765
-69124
-14239
-55318
76042
-19818
1741
-1045
-91885
18653
18488
26924
98871
61508
80358
80612
-18807
35579
-76139
43338
69387
18141
19972
74
73359
-96742
-64350
61432
-80600
-20743
-56020
17229
67025
-95087
-8080
-66315
-37051
99263
-46348
34361
-40520
34879
869
-74305
-59116
-17887
-90630
-10432
-81860
-96273
49657
30087
53177
10237
7968
89276
-51755
7413
73894
-69230
-22476
-86447
-94887
-18293
12161
87907
11738
-33483
40020
64385
-83929
87311
-21086
27617
-594
-140
13328
89993
-32976
-90023
76962
60465
71933
-16201
11724
-32053
-22135
-63321
-77251
93722
-59860
73911
-36989
80015
-9498
-44134
44175
-38920
-88535
-44409
63868
-93406
25152
60638
41189
35970
32266
24724
25262
22366
6209
-68762
50877
66019
-90393
26370
36273
-21656
5573
-44192
-23528
36727
-86203
68294
-19339
-68743
70740
77340
-73269
-37590
71763
-55044
85331
-8263
92992
-77930
-13167
-34738
-4756
-57273
66474
-91855
80243
-23842
69192
-44582
47011
39452
64050
-67869
60592
-17427
45455
63399
85130
-86631
-36064
-99944
33044
95141
-32235
60236
-60172
-65219
-97205
73961
22136
-81355
-64137
71593
99888
-90436
-21007
82653
-64548
-18452
-18328
-71305
17811
-35824
-65417
-79052
-28161
-13237
-90071
-42053
71817
-27777
92637
47827
-30366
71912
-15032
-27326
36050
-88058
-39090
-28991
-9321
-65953
75426
16331
-25089
-75447
-13946
-90815
90798
3794
88011
92078
26938
-74874
-67150
38113
-39989
-99532
92359
48664
6941
86980
84712
-10621
-85449
88771
-69310
96017
-43953
13518
66050
12159
-71723
-46904
42097
-68794
-78062
-69689
64997
-75106
-36607
-66845
87878
-89108
87399
48216
-54440
55520
80441
37927
61592
79510
-39735
-53925
75904
-83209
45855
67167
31503
-34306
97259
2822
-42975
40161
-64821
-58019
-62132
3765
4796
68119
-5337
-57991
-79861
53
-62553
10825
22665
27311
90396
73764
2057
83109
-33761
62992
-51773
53214
-4535
-85764
96895
39458
50914
93974
91647
44026
-48293
44091
37881
8821
-57531
64303
50636
-13382
-97521
83009
57868
14736
-17069
6303
69355
32529
-39464
65949
48982
56855
53182
31863
-5755
-33955
-97963
69856
-26150
86740
91687
31552
-87009
81101
22107
-85480
95541
57000
-39453
28543
29435
-23870
-82222
15754
36950
3325
-63106
-21022
83521
80549
59310
62474
-3896
-90627
79406
-32107
-87255
85704
93176
89055
-88766
-85276
-44754
-57685
-85412
72956
-18166
-34462
-14164
69786
6181
-8243
-80854
63604
95385
51924
48786
-84725
14336
46111
98240
1792
45321
6988
36083
88756
-32852
92789
-49524
93620
898
69666
-82917
-14621
-35104
-77130
27090
98162
75939
-33493
-91192
-88351
14801
-40689
11808
-65438
-73088
81027
-28762
17249
-38649
-51481
-57473
3920
66277
26450
88182
72049
92816
48740
-67348
36292
-43860
-99798
-19592
-37716
-19082
4424
-62028
-78634
18690
17093
19997
5186
-39644
-6098
-24539
25026
-16719
-65210
47323
-24562
-53754
49424
-67217
-3571
-30150
-80125
-15116
46950
-20016
-59250
72820
-16033
-78655
29136
7629
-71798
69269
86765
18425
-46869
94122
10658
15058
91570
27847
-51339
-44846
-51928
-95161
-50251
-56116
-27045
30217
69370
-73497
-73246
74072
76398
-69287
-64478
-44870
30259
13006
-84565
69628
77778
87390
73723
-21067
24147
-56570
8358
74769
-72652
96749
-13615
-41858
33247
-27127
40804
17150
39988
-40271
-15673
27247
13548
-30161
-47620
77487
-99441
53785
-22387
-47431
-51218
46980
-15362
-9695
-59669
44088
83700
61431
98812
10393
-83979
-6550
52045
99984
21782
81984
14749
73630
64
-13208
90295
27052
68854
-48866
-56314
-52152
-23641
-48941
-28584
-88651
-36157
9601
86073
10827
63943
53688
90283
55174
-57430
50952
95469
-41709
-91185
59716
60026
36844
16564
-52707
-59117
-83838
-28045
-20284
19124
-30967
76368
53682
29142
-53111
-15364
75518
57930
87612
80079
15915
2994
38010
-30902
22324
-54224
-94304
23637
21038
-53727
-55321
41205
-65276
46201
-52410
57428
-76700
-34561
-97280
-22375
26990
-13368
79603
-94136
-68124